8
10
29
34
35
36
40
45
50
64
67
71
72
75
76
80
82
85
88
91
92
95
96
97
100
127
131
136
138
150
155
156
168
184
205
224
231
233
235
239
245
248
249
252
254
256
283
288
290
300
304
317
318
327
343
352
363
370
398
400
402
404
408
411
429
431
441
444
451
470
487
506
517
518
531
544
548
553
562
563
565
577
582
583
584
587
588
591
592
595
597 2
600
603 1
609
611
612
633
639
643
652
661
662
666
669
676
678
690
704
716
721
723
736
741
744
749
750
751
752
764
765
770 1
774
776
778
780
785
789
802
818
835
840 5
841
844
845
848
850
852
867
880
892
893
900
903
906
925
928
932
937 2
944
949
955
972 1
980 2
